0.3883089770354906
6.930253623188406
0.5302920238268197
0.917195325542571
0.2206389680515974
0.12238212238212239
2.1826411075612353
0.07246376811594203
0.6374458874458875
9.15929203539823
1.0310177705977384
0.11736526946107785
3.4580479452054793
0.9408999328408327
23.41949152542373
3.066221765913758
0.8984107825387246
1.76700226011917
1.4895092769204092
0.7588957055214723
0.029277813923227064
2.405724670604271
1.30663997330664
0.2096830985915493
8.010878661087865
1.6483839373163565
0.42067642956764295
0.9155860995850622
0.9768846314035818
0.744
2.726653420380358
3.58562874251497
0.8981436248168051
0.09952819591103122
0.07707509881422925
1.0404267265581135
0.7864241199258885
0.03821461326811373
0.5295971978984239
0.3622725036891294
1.024966899943257
0.8851815505397449
0.3085057471264368
1.9805456702253856
2.794792586054722
1.8919129082426127
3.781021897810219
2.4079189686924494
0.17815826006478483
5.322666666666667
26.37171052631579
1.16524048391856
0.7086834733893558
5.352602703064365E-4
1.3945071868583163
0.9699349338119811
1.013424399434762
5.717105263157895
2.45004500450045
8.424023154848046
1.7380036444624418
1.2449607106252136
5.666666666666667
0.7832205683355886
1.036451695131277
0.861438313701178
0.5407348242811502
2.1438927147517215
0.6326911124922312
0.7743706001670445
0.0538149649834132
1.0537084398976981
0.9421331316187594
0.21935589878409464
1.8042841450018308
0.44625674724243136
0.9188619599578504
1.7575342465753425
1.7768704899354348
2.2339081855720186
0.1260720411663808
5.086687306501548
1.1195228534309674
4.5586832061068705
1.7325849165227403
6.059623430962343
0.8791732909379968
3.3442745244311824
3.594910304547351
0.9141365718546927
0.5598752598752599
0.9291977914907438
1.7046218487394957
1.802148612354521
1.08417225950783
0.85567779228044
2.528363047001621
0.601955132222083
0.5141164856860809
1.0490467655206126
1.4982468443197756
0.9201298701298701
1.885622661678247
0.5590938234665527
10.973029045643154
0.07417618484967835
0.7897530108185344
0.15131356409967303
0.7562884292901062
0.31495082783517986
0.34946236559139787
1.1131324616259237
3.5438155136268343
3.4340425531914893
0.9878293601003764
3.1422564821303434
0.2704777295222705
0.08425104244627392
1.4244677748614756
0.2237541289673991
0.05651902682470368
1.0652904464714354
0.9737940243698882
1.166098807495741
0.7835616438356164
4.474747474747475
0.7985387471553479
3.084025240783793
1.1185359301544662
3.8018018018018016
8.981865284974093
0.14857881136950904
0.9591506572295248
0.5919950356810425
1.0858517330701862
1.3731060606060606
0.4635409748970647
1.3205104147119535
0.5850131926121372
3.512108262108262
2.5945945945945947
0.4772302662307333
3.0521924916064705E-4
1.036413386655441
0.6093461396379756
0.69299256310883
0.017184035476718405
0.6596163815448419
0.5152105662011476
1.0629615952732645
0.12737489965212737
0.6887550200803213
9.327769347496206
0.9802118171683389
0.018566155910971927
1.1802301400249549
0.5506849315068493
0.26079506511309114
0.7446088794926005
0.49233716475095785
1.0717687633437345
0.9236375503100185
0.4277047522750253
1.198351804489912
2.0819131390874106
0.3572033385750575
0.4918385650224215
1.4986390854654328
2.7682604869463185
1.839080459770115
1.980941380306093
0.7862985685071575
1.2123711340206185
0.7362671023075352
9.072434607645874
4.37979420018709
1.5912271718723332
4.052385008517888
0.029474280855887772
2.8989828130480535
0.16969903077707874
1.2866226461237467
2.445028011204482
2.0061012812690664
1.1352695763799743
0.12371557747636662
3.059055118110236
0.5487388120423108
1.4028614457831325
0.4984423676012461
1.4286978321781447
0.5708682474594402
0.5460213462961006
0.7629840888622036
0.11710452766908888
1.376065139178186
0.6308995146132397
0.337058445728966
0.025962399283795883
1.3506645817044567
0.7694251421351863
0.7433264887063655
1.1613716591023702
0.17163608562691132
1.5000945358290791
0.084338832799803
0.09509486348912541
0.22871650821089023
0.6401995146939876
3.9006772009029347
1.4147935180345008
2.302070645554202
1.3177700348432055
0.2766030403474683
3.357271906052394
2.3062622309197653
0.4685714285714286
0.7082341742027606
0.6259481037924152
4.273852876911872
1.425174825174825
6.520092735703246
1.1823341094295692
3.26697177726926
0.16047265103868877
0.5233050847457628
5.353188929001203
1.794010226442659
1.7797438882421421
0.983928777893398
1.5897435897435896
0.6178442496132027
0.21368521868681495
0.817842605156038
0.24395532906863276
1.7903304178814383
0.4801880456682337
0.7696610169491526
1.5082217973231358
1.2604501607717042
0.23961998592540465
0.6554850407978241
1.8474231004277857
0.26428038777032065
0.06293706293706294
1.002897500905469
8.088207094918504
13.096339113680154
1.156312625250501
2.7713161346742456
1.5324675324675325
2.11256152364648
0.347781217750258
0.6125154675623122
0.9266932270916335
70.63963963963964
0.06297117516629712
24.617424242424242
0.6984882122845967
1.642601858470336
1.216078481335202
0.04668737060041408
0.08758076094759512
0.654625550660793
0.15072740281421418
0.8424587364826409
1.0236807756852508
1.1600287907869482
0.2294278996865204
0.34625506072874496
0.4160090191657272
0.68159757330637
0.29578216764548854
0.22067648663393344
1.6677075201665366
1.8810198300283285
4.271872740419378
1.2336586808636498
0.35369469813782467
13.224489795918368
0.2058496853017401
10.046349942062573
0.7144350249680641
0.5115031757233592
0.0787094979835906
2.358913813459268
4.183814033577271
0.17078189300411523
0.41865242399342645
0.39119589141599415
1.663873547895639
1.152054794520548
0.1797337278106509
0.9823275862068965
0.06304929308368361
3.087103308575287
0.16688227684346701
1.3348214285714286
1.412058508740635
0.5678936605316973
0.26676617976330097
0.047038327526132406
1.390047879616963
0.5761598283722178
0.6290951638065523
7.977806788511749
1.5957446808510638
1.3599198396793588
0.8106617647058824
0.6311845730027548
1.35444366689993
0.28922747928361403
12.803636363636363
1.1484792198746228
0.306
5.35970024979184
1.131958762886598
0.9055077673642317
4.873749037721324
0.8032817804602037
3.4607734806629833
0.569544111439426
1.8669201520912548
1.2132120752810407
1.4013994910941476
1.416014449127032
0.34518087528459396
0.9977116704805492
1.462409886714727
1.5459976105137396
3.1663395485770365
0.9465105601469238
0.4541110330288124
0.9471979267897636
1.5614164514939137
2.3224254090471605
6.36577868852459
0.24234470691163604
5.378120411160059
1.4233692210259659
0.6695924764890282
3.2219321148825064
0.06935645215071691
2.932235001554243
1.127979634343902
6.137763371150729
1.1496946456469253
0.7588794397198599
4.1214723926380366
0.8547222779225988
0.9638976092731224
0.4285153951755246
0.4131215319334131
0.0676301389083766
1.0594431903686983
1.4128196022727273
3.0463368816530996
0.42586936090225563
0.18100857174663254
5.527205882352941
4.9090177133655395
4.508152173913044
9.934065934065934
1.0332893869479236
0.9021794871794871
1.1096817874069058
0.06673511293634497
0.6979448781264935
4.092679127725857
0.10640926640926641
0.13613128867366156
1.0911986103068905
3.235899731423456
0.5174706464846512
1.0394282123782594
1.9715945771465462
1.787550744248985
0.8005780346820809
0.2562299342608164
1.5047619047619047
0.13793103448275862
0.9975601254792611
5.355952380952381
0.944123076923077
0.7703200226564713
1.188095238095238
0.6860147213459517
0.1891891891891892
6.33015407190022
0.740598700330244
0.5243545381953686
2.109225413402959
1.0309014169430208
1.1103687206137094
1.3751555371215263
78.14606741573034
0.9062566277836691
2.455200360198109
1.8802717900656045
1.5703237410071942
0.8624616732369689
0.44323778254830154
2.1552775104266924
1.3137924111624173
1.0213361781570875
8.476875642343268
0.12085363024820227
6.319148936170213
0.2914456684346525
0.1492687283688735
7.24411508282476
0.8737262462131644
0.9181350954478708
11.816864295125164
0.32403687071614273
0.8634233069338937
0.5384800096049946
5.4682675814751285
4.885964912280702
1.039875796698807
1.3292882465230433
1.431904761904762
0.881499021929373
0.3119817578772803
2.0526315789473686
3.427191166321601
7.515576323987539
6.472334682860999
0.9433174915961516
0.0843888537048765
2.3295622233152975
6.246212121212121
0.24477834612105712
29.08
0.002606995437757984
0.53682867416773
0.5496486403910785
0.49356742848494023
4.579530638852673
2.2595381526104417
6.528301886792453
2.5866310160427806
2.170172084130019
0.6899321670831846
1.9612345679012346
2.1177635923398634
0.6066162570888469
1.1579707818269385
1.5116379310344827
1.1796750133191263
32.18888888888889
0.35788573870921786
0.5373134328358209
1.7267080745341614
0.5246280143663418
0.5666047806915758
2.9487760652765185
0.11809923130677848
0.5543268612575544
0.29575504523312457
0.10733190674625522
0.20445280652242082
0.8911183863132327
0.04676593764541647
0.6603077705710289
1.199301919720768
0.9669140383426098
0.7672785511888629
1.465191932335719
2.088674033149171
0.8601313177584364
3.751794258373206
1.0478329216258702
0.5467171717171717
0.4561316051844467
0.499101688825009
0.03733248245054244
1.9988571428571429
0.1623958011732016
0.6704061493715592
0.4233790596787431
2.8495642288745735
1.894829760403531
0.740337909186906
0.09270774448841153
1.9844642449166094
9.665680473372781
1.04375
0.6152256998243983
1.596285263711232
28.916666666666668
0.6613401369679065
0.4994214302244851
0.2047940995697603
0.031758130081300816
1.242
1.4805825242718447
27.395833333333332
1.0259515570934257
0.3463360707517372
2.973478260869565
5.731543624161074
0.44537908135030435
2.8356697819314642
0.5330862313310804
0.6137461300309598
1.2808988764044944
0.11115602263540825
1.0343713956170704
0.7763713080168776
1.8073251942286348
2.9290436315557513
2.276462058965684
1.2152395915161036
0.23311748381128586
0.10348525469168901
0.716536441654925
1.0556307525717379
1.1345454545454545
0.6171317987370136
4.712435233160622
0.8004470383707935
3.7380410022779045
8.897435897435898
1.162162162162162
5.494479495268139
2.689263704184236
1.003347799132052
6.633649932157395
1.674273095325727
1.044291338582677
0.9531104921077066
1.3569596642574027
2.2411260709914322
0.49793266391021856
0.6305587229190421
0.0985709463260943
1.3026755852842808
5.4868263473053895
0.1071663379355687
0.4953431723742657
0.09177506913858445
0.157433455961913
0.8291282671098353
12.647590361445783
0.06280864197530864
0.6801050708085884
0.48870581982460803
0.43219561895058584
1.183338400729705
0.4723582925122463
0.2145565927654609
3.8981774960380347
0.4761796989928709
3.424667133847232
0.052857614800132145
0.6494401378122309
1.6847606203641268
0.001386001386001386
0.2693197593706617
0.5702862625939549
0.1748838263629151
1.3001904761904761
0.49668474984930683
2.0121731289449953
1.256243854473943
0.481335952848723
1.0945249202062362
0.02802322645796516
0.07594594594594595
0.14913494809688582
5.8756567425569175
1.0668250668250667
0.7162899454403742
1.3255092143549951
4.481481481481482
1.3606158833063209
0.6490111081007857
0.95
0.5775924960917145
0.7024656837824098
1.1978021978021978
0.15458191916075287
4.438423645320197
1.1742155525238744
2.802343352012226
4.703240058910162
1.5406654343807764
0.607049744498905
2.4131837307152875
0.740072202166065
0.8952400966691184
5.134035087719298
229.84375
1.5215959004392388
0.08685148970435982
3.1176246669204417
0.170188041411367
1.000503355704698
1.225107379929715
4.237410071942446
0.6051525671478165
0.35834609494640124
0.988312735088662
1.6709154113557358
1.807617567042363
0.54932526756631
0.34734879867439933
5.290087463556851
0.8721845615569648
0.5148028838778954
2.8504435994930293
1.2474120082815734
0.7043189368770764
0.1367360496014172
0.7595299512754371
0.24419074560517276
0.4461788211788212
0.11569102874956702
0.5133443163097199
0.5194238323876037
1.5374386252045826
2.1816015252621543
0.3343906510851419
0.37144526684846124
12.3983286908078
3.810105496946141
51.48677248677249
1.0023809523809524
2.5085887504210174
1.865909788278613
0.3193510091017016
1.738486545060502
1.272981732469063
1.1518438177874186
1.9166836008941273
0.11096220852318413
0.30620957309184993
0.23090586145648312
6.538734896943852
1.655077767612077
0.26336898395721925
0.7253315351764441
0.8871299093655589
5.341365461847389
2.9280268374504423
3.7058252427184466
53.72142857142857
2.260869565217391
0.7855001070893125
0.27683550185873607
9.636048526863085
0.1928020565552699
1.7014369345396487
1.7160426345996174
1.3218921257571388
0.8446313706086096
0.862053301029679
15.486338797814208
0.6873377559850015
0.517394993635978
0.8534287867370007
2.5147965474722564
0.8804912612187057
4.458128078817734
4.71145038167939
0.2152994115610938
8.760213143872114
1.4736442927569207
0.04121376811594203
2.409539035438316
0.07859302006045617
0.44162849872773535
1.7480059820538385
1.8328382392654605
0.8663151364764268
0.15409123823316437
0.23183872088981577
2.784264751795192
0.5283150374629726
0.953541858325667
0.13613323678493844
1.2356975275221078
0.640833778727953
6.157068062827225
1.1953056577334034
2.2972579471002184
0.8138149320424501
0.541077441077441
0.027954409118176364
8.945571955719558
0.9751570531125071
0.8971291866028708
0.3062925688726238
1.5271794871794873
0.16043425814234016
0.8885027512308138
0.3225298930144745
4.309871244635193
0.015601597603594608
0.2914457831325301
0.034362717574396406
1.8414040481680758
0.4905109489051095
0.6139901898059288
43.62987012987013
0.795247724974722
13.576859504132232
4.625855513307985
1.3746438746438747
45.42512077294686
0.18463336254747298
3.4581613508442777
151.92
1.081679215149441
1.7114295824486907
1.217061057551855
0.032429186267640873
1.5439709882139618
0.21739130434782608
0.25250875145857643
1.4452041785375118
14.736842105263158
1.0471168566082667
4.572088724584104
1.3135102773897425
2.568013659647126
0.8751401031158933
0.9982425307557118
0.05564981336952833
0.7844297482306533
2.1432791728212703
0.6272810218978102
13.307407407407407
0.9377656344869459
0.6664331990894764
0.10539046302695232
3.787557908669755
0.7314174589455489
0.29594952167718297
1.347401010265602
0.6822183098591549
1.659981768459435
0.9168853893263342
1.8494432071269489
1.0034769463340891
1.6807599180480537
0.41041257367387035
1.059265010351967
1.2412035310207634
3.3573801613668723
5.651193633952254
2.0120101137800255
2.713757396449704
1.3145913329676358
0.9364583333333333
0.9548472775564409
0.8024746906636671
1.9076042518397383
0.2867732221450081
0.0720884196634774
1.1274666012991788
6.572625698324022
9.25
0.18162663295406659
0.9426408048957577
18.864734299516908
0.821939586645469
0.6617024008216716
0.6223000583771162
0.4195766627269797
0.13783886979763268
0.9380709455451418
0.8438631790744466
3.943420216147489
0.3704755892255892
2.657588840916639
0.9642201834862385
6.419934640522876
3.5736062717770034
2.247093023255814
0.12033329726220106
0.7541315871531026
2.1940979616671736
4.090909090909091
0.7687843616371411
0.9822834645669292
0.778766687857597
0.6832725799918996
1.8634171109418634
0.6409192467283754
1.2553024351924587
1.244472182596291
0.45807696947762094
0.402992277992278
0.5914444059577416
1.2658157602663707
3.9530075187969924
0.9842009842009842
1.4432655467138227
0.24439775910364145
0.8330163560289083
0.4998021369212505
0.18887541154046092
0.6209613869188337
0.6895154185022027
0.23830784685790826
28.242105263157896
2.580971659919028
0.16058394160583941
0.6567706755528627
0.3395078062979624
1.1841895129092361
1.5886524822695036
0.0531767955801105
1.5671912832929782
0.7655777058762133
2.446794448116325
0.1342239185750636
0.8359326263256395
0.5775531544092019
1.6056428342417441
1.0289555325749742
0.15964523281596452
0.11589447434046463
7.217283950617284
3.724418604651163
0.6055371509701846
0.7196652719665272
0.8281750266808965
4.534416826003824
0.3404544571761507
4.324988824318283
1.932519920318725
0.5546697038724373
0.002421307506053269
1.6169134840218238
11.979323308270677
1.2986187845303867
0.564510815855935
1.2645946390396317
1.613399231191653
0.6405314167483394
1.8155362053162236
2.3771929824561404
1.3074912891986064
0.27395733842725245
1.5757185757185757
0.2319603592443481
0.9465446345669187
0.2737604595978519
1.5459254831639768
2.970695970695971
1.2766474339508047
1.5368162692847125
2.7820240622788392
0.7578703703703704
0.7496031746031746
0.675247324853624
1.1111864406779661
19.59591836734694
0.10888407367280607
11.153049482163405
0.3852594469538394
0.14673383165420864
5.812429378531074
0.18016709044678533
1.120241906794735
9.027027027027026
0.4759378552482001
0.8335843373493976
0.7791495198902606
1.7422159320663162
0.5048480930833872
1.6199261992619927
0.031293787949556284
1.1806480248557478
0.8463908450704225
1.2406424390907853
7.486854034451496
0.5623735670937289
4.039336201598033
2.059101654846336
10.62962962962963
2.0492288189309105
0.7849643007139857
0.08022076755230394
0.1790737148399612
2.038895859473024
1.1393528183716075
0.13880597014925372
0.8547837754154195
0.45759368836291914
0.5269365635957921
0.929851122886702
1.006334981458591
0.2359443086406632
2.1144106813996317
0.037715255881639584
1.5808695652173914
0.8210235979160282
0.3087443946188341
0.4041217700596297
1.605148658448151
1.7733887733887734
0.5490365880060619
0.9119675456389452
0.16313887454827053
5.135522388059702
7.223300970873787
1.3273756857193417
3.4067890929326654
2.1379003558718863
0.7261889823064375
1.1793930021264256
0.23610195561415073
0.6389851485148514
3.1840339102790534
1.6369452219112355
5.251900108577633
0.4572192513368984
0.10052037060540678
0.49412952909986113
0.7985102420856611
0.2745978692291623
0.5713436385255648
0.23855558714813763
3.366279069767442
0.5583780560524747
2.6048827497590747
1.2408015768725362
3.4519811954331767
0.056448372840498195
1.3228449078383913
1.8788917452156526
1.7094075079149706
0.9386147443519619
1.6589024871693643
6.326923076923077
1.5573536411232747
0.9160884298854284
0.8391066073828973
1.1553686293913905
1.0900710581908968
1.312335092348285
1.9803018674852904
0.21603355861104637
6.6061643835616435
2.6587252475247523
0.2891832229580574
0.1480243161094225
1.6878771256171146
5.193514644351464
0.024572649572649572
0.9202761385146421
1.4731312435411643
0.3885221855518885
1.703733548213806
0.8915717539863326
0.5071189279731994
2.468831849135673
1.6886085928261727
0.6323741007194245
1.4010783907092492
0.9834169757800567
1.3641769743101808
0.41271820448877805
1.203810478816746
0.1322553897180763
0.3676218990590248
0.7482993197278912
1.0347357065803668
0.22699149265274554
1.0193548387096774
1.2070815450643777
1.1232932269839124
2.014103129131776
1.2933911159263272
1.8986771742189699
0.4560061208875287
0.8866075594960336
1.0576829069577969
1.3588179218303147
0.777980693973389
0.8371140865331416
9.908719346049047
1.1814988290398127
0.9496576721707611
0.10520319027725028
1.0917918373539675
0.8511913682002098
0.22975991066443327
1.1245421245421245
1.5255157437567861
0.5665809138797011
0.9882352941176471
0.04348666408967917
0.13163281373012123
2.441079460269865
5.799145299145299
0.23616066290712395
0.914407056517478
2.2800441014332966
0.6921320086787712
0.4883190118152524
0.22991017237193492
0.7023060796645703
3.0853491556366954
1.8963545389563974
5.554838709677419
0.2987258140632374
0.604969203465915
0.8956496603555427
0.16827567712523464
0.08470714381450208
17.566137566137566
0.30213749277874064
1.1244711645513248
0.3891116269255117
0.061777337297654444
1.9312212293528297
1.2550467749876908
2.0724108293940695
0.3598265895953757
1.0684931506849316
0.36206247647722994
1.4709772226304187
0.8289048473967684
0.07690088010388112
0.5242837821222182
0.3069537387256328
1.1452812645281265
1.5242307692307693
0.23302564102564102
1.2894595321322937
1.4391049156272928
0.08605752570174426
0.12219261515036163
0.8632226637610563
8.97938144329897
0.8343734187890032
0.31916537867078826
0.3698168498168498
0.9539918809201624
0.5817409766454352
2.2611317254174397
1.5014309076042518
0.6723549488054608
0.9715395925225793
0.6905465288035451
1.8135694986490543
0.646422893481717
1.022097678142514
0.11771282542724805
0.4838411819021237
6.563440860215054
5.138663967611336
4.452449567723343
0.38175430094499635
4.1673728813559325
4.921630094043887
4.921378091872792
2.0254265640682503
0.7433387710712344
0.2590725806451613
0.3316831683168317
1.1108792068875555
0.6629740093736685
0.35993800852382796
0.7364085667215815
3.435114503816794
0.6374082349186083
0.07441781977725279
3.1582577132486387
6.7088873337998605
2.0696329254727477
0.40823706680060273
0.5138931610786425
2.209448818897638
5.602004716981132
0.0027519779841761265
0.7014563106796117
1.0897540505886467
0.7491308325709057
0.28210075026795284
0.5836212412028151
0.41531516468817925
1.0650267623277532
1.079040329702679
1.2511415525114156
0.6513427401001366
0.6220809932013006
4.084264432029795
2.8665325285043597
0.40910565588839626
1.971943477370469
11.485906040268457
0.24246524787796778
1.0382552735073294
0.15208156329651656
1.0082049987376924
1.331101956745623
0.08553497317542261
1.536619718309859
3.346092503987241
3.246175243393602
0.44737173830833227
0.20284135753749014
21.274193548387096
1.5893098782138024
1.0863283582089551
0.8772087451332734
9.239108409321176
11.181400688863375
2.5553145336225596
1.0558127231847638
0.04385549771257296
0.03607427055702918
0.916829109811566
0.091273374888691
0.6670673076923077
0.2884923817161187
0.3139551094381709
64.04761904761905
2.3786644951140063
1.4659284497444633
0.21183755760368664
0.007311129163281885
2.4024570024570027
0.031181379007465964
1.0555190538764783
1.0307510348905973
0.06513310933057638
2.133173076923077
0.9429958640532279
0.7423913043478261
11.16326530612245
1.2529390808692555
0.717710643015521
2.334350721420644
5.987682832948422
1.6381833473507148
0.3127376425855513
0.49123130884253274
1.0918703652842625
2.0359628770301623
3.3366795366795365
0.5216412742382271
9.560509554140127
1.8490451036164162
0.5097564908885663
2.239721695129665
0.3622967479674797
0.8640976412506857
1.3074792243767313
1.161645511546108
1.9987867022567338
1.1586538461538463
1.062012987012987
2.7032828282828283
0.11873905429071804
0.8338428818290575
1.2053486150907355
1.1226139055315592
0.5785545023696682
0.15679057784320943
17.414937759336098
1.4319131161236425
0.08191600138840681
0.6920475507276082
1.7618351841028639
0.551041910559588
8.910364145658264
106.38636363636364
2.1430749682337993
0.062253521126760566
1.4670549084858568
0.6421503957783641
1.3788670716202853
0.818394128113879
0.5250519510505657
0.6657537373045761
1.2784771261897452
0.5179123476995817
1.7638303847233923
0.896551724137931
0.0871526262185363
0.03155091169842245
5.518159806295399
1.5173192771084338
0.8822184105202973
0.42871558310508867
0.23079420038952608
0.8016133098058986
0.3181882720431634
1.1373775843307943
3.7299546142208775
2.35249500998004
0.33307297478241465
8.16140350877193
1.3850822552307938
1.1260908056152776
1.669239250275634
0.3361455947932988
2.3580320094842917
4.214013709063214
2.6315058986814712
0.5358432181536875
0.325564769802688
1.5723270440251573
0.7021637675010607
1.0179972311952008
2.5203287197231834
1.2762445189579572
9.463458110516934
0.9052162849872774
1.0163136109082056
4.342771982116244
10.833333333333334
2.8434873949579833
0.556426957330852
0.661902817476521
1.8235482836060315
3.4477498093058734
0.09788130343204064
0.27031935825639475
2.50084127874369
3.3699074074074074
1.2691135382270764
1.3951029493600444
1.927841773527494
38.776824034334766
2.2754062241806663
1.5225510923185341
0.6843982792991291
0.28512960436562074
0.7315716272600834
2.2861189801699715
1.2336504161712247
0.7300078145350352
1.1342105263157896
0.4433137794804262
0.5017819706498952
3.479108635097493
0.05779770802192327
3.4368845120859444
1.944830404577033
1.0372261792769788
0.84850640113798
0.8327569946557686
1.1986849628359062
0.6881041371310735
3.2618883528600966
1.491891891891892
1.1063526052819415
0.28455696202531644
0.7283582089552239
1.0323512420566148
42.46568627450981
0.0847953216374269
0.9060746914569643
0.6064827216715778
8.416447944006999
1.6023622047244095
0.8501494236516294
1.1302430886558628
2.7830551989730425
0.5196211096075778
1.175490779298037
1.1072701354240913
0.282354773399782
1.2358699908628117
0.19805092738132662
0.15621494850616907
0.1308411214953271
9.782608695652174
23.437735849056605
2.2431348349274915
0.13627564847077042
0.2361760660247593
0.05082890209571473
0.9105188005711566
1.3560716013546201
0.31779242174629324
0.5435034192530247
0.6233782280983566
0.48757984386089426
0.025248933143669987
0.8037667913031437
2.4719155064810368
0.47451081359423275
0.06607744107744108
6.30840400925212
2.5342126957955484
4.08005164622337
0.5425320056899005
0.08830428954423593
0.9311274142835754
1.0817172662832686
1.1668356263577118
0.06504410670634499
0.04364000572327944
0.6785464010411453
0.6335526315789474
2.2518775274407856
0.3286118980169972
1.6845315904139433
2.3149606299212597
0.5264993026499303
3.251926040061633
0.2796494422945595
0.5111402359108781
0.03713389121338912
0.7896983494593056
1.3223402273150735
0.9787605469886529
4.61697247706422
0.8969783487984773
1.0574895112824583
4.488346883468835
3.089519650655022
1.3252200932159504
0.6681079664570231
0.967948717948718
1.1203798767967146
0.04494767541602333
4.8227692307692305
1.2474294108046353
2.0019292604501606
1.0452226664828348
3.4696132596685083
1.039541547277937
1.996292634700939
0.47883361043611716
0.23157894736842105
7.492741935483871
0.7394770999443724
0.4622404027690371
0.07979958450446047
2.3680297397769516
1.0254715682224975
0.7890166627552218
0.8284913882548246
0.9682539682539683
0.712209957197567
2.3564894932014835
8.064556962025316
0.17236024844720496
25.50925925925926
1.4563106796116505
3.8956594323873124
0.8496594427244583
3.4738955823293174
0.004514672686230248
6.188289322617681
0.8568037974683544
0.49609618988132415
0.9370664648757725
0.8948172394980906
0.021147101299773055
2.8070953436807096
0.4292901062045836
0.007017176372015082
0.8359375
0.8707695744443203
1.0254346050635865
0.9618528610354223
1.315345699831366
0.3482207323362558
0.13010419600112644
1.1751721978710081
1.013731438607696
6.280112044817927
0.32564739269244414
0.8300064391500322
0.18315825144018977
2.841856805664831
0.3560670343657191
0.05309734513274336
9.387646432374867
1.7554988842843482
0.6682066358672827
0.5616641901931649
0.33010309278350514
0.22506897910918408
0.9804546714721375
18.61598440545809
0.8500215486280707
0.0740543420351625
0.7373737373737373
0.11726637328501165
0.19946623346484102
3.8806848582129483
2.103564412012349
1.8049333711369435
0.46257256339749464
0.4767228739002933
2.5870736086175943
7.853260869565218
0.2189430336307481
5.5400291120815135
0.28592889334001004
3.0198970840480275
1.2217702169625246
1.4100709219858156
0.9894924021985128
1.092335822032607
1.1233583489681052
0.631858407079646
0.157518326479528
0.8837832268699773
2.3929332927200733
0.1627539741025371
0.8819074907900123
0.03356773251957012
3.250731707317073
0.0550328650599304
2.4573070607553364
32.53543307086614
1.3009655922752619
0.27976436544026456
7.146205357142857
9.778680203045685
3.1578648495173196
1.570877944325482
0.4552688690619725
0.23616680032076984
1.0274809160305343
0.9843838406699106
0.6695479500058404
1.0309930423782416
10.069086651053864
1.4188994526073178
0.7298470218075296
0.6543483616654349
11.169642857142858
1.223398804440649
15.142384105960264
0.6373432255785197
0.8162755866200699
1.0030810448760885
3.5677892918825562
2.8873873873873874
0.7845039018952062
4.966816647919011
0.6963597430406853
1.1221097173945898
1.481112277019937
0.8225366876310273
0.105224609375
0.12224315637814474
3.3032169746748803
0.999235807860262
0.01900688999762414
0.9621615366813238
0.17895756010973052
1.5790586991010047
0.7304964539007093
9.21875
1.3733398917855386
1.213687554143806
0.7803174603174603
1.0068621334996881
11.614695340501791
1.4601668575167674
0.9886086248982913
1.2575599582898853
0.9181787059226293
0.39205713667352016
1.5515414258188824
0.8407520670517612
0.2242627345844504
0.4257175014068655
0.3196803196803197
3.1501950585175553
6.684905660377359
0.034945144250304754
0.9265536723163842
8.49031690140845
1.237057220708447
0.8668042182485098
5.305927342256214
0.8462934162778641
9.912718204488778
0.3316831683168317
1.0259075161921976
6.259684361549498
0.997229916897507
2.179236043095005
0.7595133682274721
3.2199715707178393
2.961003861003861
1.188750950088675
0.3267371261524623
0.3724832214765101
0.3172115644420427
0.6008583690987125
0.12315151515151515
5.675706866705136
1.3965107057890562
0.4042136207741303
0.6160972785176607
0.5180014695077149
1.4770170363227257
1.050878477306003
4.5437262357414445
0.20830902088925196
2.7896551724137932
1.3483827493261455
1.8349814585908528
0.4419507984462667
1.2611987381703471
1.1377587437544612
0.602731158136141
4.547387068201949
0.34982029779223
1.5632754342431763
0.0828698553948832
0.40029936918635733
1.2022816277881831
0.458005249343832
0.41391721655668867
3.573833205814843
0.4457013574660634
1.3934348239771646
1.6182453909726637
1.8316582914572865
4.980091883614088
0.9427860696517413
1.1712483100495719
0.13594941417147108
1.9003775776938716
1.7599346761023407
0.4982325017674982
0.2579707022834985
4.218811881188119
2.671601615074024
1.5730659025787965
1.0014789773927741
0.5316652530392988
0.7614625652930934
2.253015873015873
4.209780621572212
0.9056994818652849
6.793494704992436
0.8813443851481776
1.590401218892839
0.9137407889033377
2.4262777629114263
1.7798043880518106
1.9939024390243902
2.281703107019563
6.823148813803019
0.8615853658536585
2.2892234548335977
0.974994492178894
2.126439278731262
1.0979961570134504
1.1869733545889318
3.8385437277404035
0.628714419768533
1.1383378711266692
1.4114583333333333
5.8934108527131785
2.9576951130561633
1.4173318129988597
0.6820529373789541
1.7753857194115537
1.9230343300110742
0.15263826347996767
1.123730964467005
1.216156670746634
14.459715639810426
0.8372977082654502
1.2380114386273646
0.8176197836166924
0.39258841234010533
1.953700684708184
0.688695652173913
0.4033104561970125
1.9661227019210907
0.5204639964981397
3.7992471769134255
0.32458425165297533
1.0513955071477195
0.09908869208060583
0.7575976845151954
3.6690258118234804
4.662542182227222
1.922379397896264
11.310580204778157
1.1822833386632554
0.394919168591224
0.8700595560368165
23.324582338902147
3.0417754569190603
2.2488347077805666
0.5450985346134412
1.4029205781552674
0.7035102381947347
1.0997787165560249
3.478344562078922
0.8012742718446602
11.10635696821516
0.4148471615720524
1.5423942394239425
1.9629462268413918
55.93023255813954
0.7944291879168301
0.7402234636871509
0.33779467680608366
0.24841824841824842
2.966689326988443
3.68859649122807
1.235812133072407
0.6360591682947251
1.1630824372759856
3.309305373525557
1.2204024333177352
3.9526066350710902
0.12606868569772497
0.9049808429118774
1.755431409062694
1.253807975355126
1.557956335809138
0.7229674559664062
13.752551020408163
0.12680014049877064
1.0921345373642193
1.846272098385857
0.17543130326335482
3.0987248046071576
4.424025974025974
0.8605654048873982
0.08030825390387346
2.5989159891598916
1.7119205298013245
18.705376344086023
0.8849848331648129
0.9013009353832921
3.516530532866589
1.5586865393572427
5.682266009852217
0.49279448621553884
0.06513958482462419
0.22284219703574543
0.7354172481161039
0.951877252121353
1.115264797507788
0.6312961719274681
0.16952978056426332
0.856873500171409
4.609772423025435
3.742884708152436
2.457220155563071
30.047619047619047
0.41057672288153235
15.083333333333334
7.33367451381781
0.4113678771350653
0.2796126401630989
1.0790590050134978
1.0301142263759087
2.484910485933504
0.36719731881022205
2.2520985648524237
1.054979024067123
1.4513491414554374
0.9590426844312855
0.9840844362539789
1.1100391920410009
0.8989821882951654
0.29411764705882354
0.2959770114942529
0.43087915501708607
0.6770004869339393
1.2749077490774907
0.6477558724832215
0.3879310344827586
3.271897810218978
2.202027345591702
4.738255033557047
0.30781660270652395
0.41669933359466876
0.9459082455052696
0.4880552444942143
0.6446133745100369
0.9556249303155313
0.6946747224954335
1.414966963516231
9.107255520504731
0.9569682653794803
2.5228494623655915
0.0020222446916076846
0.7029098063580822
3.680487804878049
8.127868852459017
1.0813177191638392
0.4869812393405344
0.4592704592704593
1.9978957212999766
0.545179534394318
3.033240997229917
0.42390306590783916
3.5147835269271384
0.5560053981106613
1.1596292481977344
1.4055524291877697
0.38399747991809735
0.7272942289498581
224.23076923076923
0.6422340425531915
8.19335604770017
1.5237061769616027
1.3054968287526427
0.744438106103822
0.82565168114847
0.7544757033248082
1.726976833237603
12.402743142144638
1.0147702407002188
0.927027027027027
0.5470558631102164
2.247744621790423
0.9287178868652756
0.4496324530356657
0.8839844915001491
0.02941519785222365
2.663606557377049
1.028799291094373
2.0172413793103448
0.5214392244593586
18.772609819121445
0.6595744680851063
0.8132858573495049
2.195373339441136
1.0885514417334925
0.8071099407504937
0.3810244000806614
10.664670658682635
1.0331506134168624
22.695876288659793
1.2804208600182982
0.05608170844939647
0.6243534036830126
0.9400518470511989
0.07408163265306122
0.3625936329588015
5.8101811906816225
1.10752688172043
0.031956683299713344
0.9833648393194707
0.3691358024691358
3.1158256880733943
0.4613699721226603
5.460048426150121
34.40449438202247
0.054156320208111626
0.76332031742033
1.3006535947712419
2.5392
0.6681877444589309
0.6633851263195351
2.361081081081081
0.11940902651285165
0.44603854389721626
1.5731179694260167
0.6855452240067624
0.5396697543294402
0.7760015046078615
1.8310027966440272
0.6516151441472734
8.474576271186441
0.6780570460321943
1.7821266968325793
0.8696545059193042
1.9691358024691359
0.39177600991838
1.3406833531982518
0.7176846075729001
2.083552055993001
0.8769678671554885
4.194193548387097
66.171875
5.822684852835606
1.3173603050903664
3.3832869080779946
0.7441288302393201
3.31266846361186
6.167539267015707
3.184770003865481
2.340887174541948
1.6060725552050472
0.7688979384067193
2.152547575199509
0.6533501896333754
0.7339678762641285
0.12683363148479426
0.5489754559783833
0.6127280625543006
37.86754966887417
1.409244917715392
0.13671054086937287
0.07401448109412712
0.1936277684237793
0.7391041162227603
1.3557016549535252
0.9183510638297873
0.2066264422568011
0.8779789301421704
0.9154589371980676
0.7799404382046373
7.357466063348416
2.965730951512942
0.9493582589285714
28.396923076923077
3.21109243697479
1.3839003858295336
0.3084562142642191
0.8381410256410257
0.012634534394010294
0.6827810972297664
3.6180836707152495
2.346079567400541
2.533671586715867
1.3580125041131952
4.375801282051282
0.12531658393273223
2.5683104284559417
1.2314088857210739
2.1918111398008113
1.7966414467613951
0.24019754564501647
3.976298997265269
1.3637410071942446
1.1710700132100396
0.07346421785940468
1.0927242888402626
0.6774006045105789
267.56756756756755
1.0836378400324806
1.478311567164179
1.4177507343684432
0.08390084445655135
1.0650805505174437
2.4276482157909527
10.16306954436451
1.862875430822255
1.683303730017762
0.7116564417177914
0.467846043509443
1.9794153972828323
0.35577856911621886
2.772837510105093
0.083984375
0.3771186440677966
0.8018333333333333
7.904610492845787
1.170799347471452
0.5814191960623462
1.0724373576309796
3.0338823529411765
0.0016989022477783586
1.0886577513620603
1.2387117145563624
0.680637049455155
0.20874176442230435
0.8326952526799387
0.18525822753605325
0.533281127642913
1.0623385569140693
0.33848953594176523
2.1900720164609053
0.6674887411537637
0.8396341463414634
11.783783783783784
0.29348112958564265
0.5926210607225212
1.4554472676644623
0.5422848664688428
2.5816847479259732
0.4074585635359116
0.25609629552765384
0.8054112166278444
1.0104166666666667
2.63535439795047
0.18323907455012853
0.5579745596868885
1.2958988118052894
0.16882486241502104
2.217516843118383
3.5492957746478875
0.7889432340299393
1.7887811634349031
4.820588235294117
5.108426270136308
0.34354221237154947
1.5307337687283904
1.0925652387986213
1.2777009678056488
11.445431472081218
0.5681136543014996
2.0017875383043924
1.2542652724270775
1.1691358024691358
1.9117151285292877
0.15269461077844312
1.3118452860596292
1.7398130841121495
0.957171034094111
2.3931398416886545
0.8906292195517148
0.10994601328903654
2.6220261962042235
0.2759833706427886
0.48388183758283726
3.4088122605363984
1.0763610652839972
0.8945862424173057
0.48925860119528347
2.6292530308955806
1.0521718029604465
8.299867899603699
0.18554266351781498
1.3755828740991947
0.17305298104855443
0.16757538666963392
0.1957121630227128
2.470191809227579
0.10246942072467113
0.966572894257819
1.646398503274088
1.474830954169797
2.591698432867429
5.721698113207547
0.46846846846846846
1.485254130934951
2.6009557945041815
6.414134275618374
1.8076996378883172
6.95945945945946
0.21681476418318524
0.23484848484848486
0.3328806025435239
1.3489534520462356
0.6934622233528365
1.4891793443325476
0.9141420336072611
2.8580147767426918
0.6429387133612485
1.5352216748768472
0.3075655183781111
0.44723170550690217
1.82670867668444
0.8920697012802276
19.827868852459016
6.126470588235295
2.354252049180328
7.314285714285714
0.5819341126461212
0.5097049689440993
0.653472344937268
1.8106312292358804
7.42076923076923
0.058102001291155586
0.45621716287215414
0.16145419907921893
0.31084939329050676
1.6526255049047893
0.08165767533104464
0.4277495769881557
0.7446219650270475
28.147368421052633
0.960729030309133
16.346007604562736
0.2480127186009539
0.7866587957497049
1.26437338501292
0.16400911161731208
3.1884858044164037
1.0278248245826276
2.6670520231213874
0.028059452701764135
0.5390241354090481
0.7082732082732083
3.077111383108935
5.320253164556962
2.483204134366925
0.6970091027308193
1.29874213836478
0.7185808779314492
1.0521245711269465
3.231010671688638
2.5448598130841122
1.199207016700709
0.6244174265450861
4.8809776833156215
0.5131805537157239
0.03420752565564424
2.142266072565245