1.301989150090416
0.11662334727087807
0.20574534161490685
10.00339558573854
2.0757238307349666
0.1560074511021422
1.7903428093645486
0.2264066852367688
1.7703056768558951
0.23998020781791193
0.7420136593963428
0.910056214865709
1.9850273538727325
21.683139534883722
0.3814756671899529
0.10858772578430337
0.6966292134831461
0.6105551584465094
0.08319638455217748
1.0808999521302058
2.0874609549308345
0.31700442893571334
1.7166510465479539
0.8163796307768554
2.8995744680851065
0.11779968863518422
2.00414293112377
1.215940321947389
2.6742398930838625
1.3943875616230565
1.1119020501138952
0.29487342577280246
2.711702661978905
7.981601731601732
0.34889256882632996
1.7545490506329113
0.9881545064377683
0.8495255309534568
0.6891960565098079
0.6460799249970702
1.8865521327014219
1.4928063502563254
0.38022388059701495
2.775660725261217
1.025891829689298
0.6800535475234271
1.5834109972041006
3.885294117647059
11.353403141361257
0.8663005849349409
1.42296918767507
0.09362880886426593
0.0853462157809984
1.6197620279358511
0.13177122700932226
0.5259218492019813
0.21157780719701527
6.641456582633054
3.2931228861330326
0.08092355973996862
1.2225755166931638
0.9636742593419682
0.7507436787307883
1.2433032176256142
1.546881129854845
0.11937412095639943
1.4251676667843276
1.3300723666577325
0.08328573060664915
2.144035184167125
1.8366068886991176
0.08448667630654823
0.026152106304778062
0.7790502793296089
0.17225527312060573
0.07435205816817168
0.15240793201133143
0.629
0.17428198433420367
0.6890712106868623
0.5325471698113208
4.136804942630185
0.4297297297297297
0.005303760848601736
1.7514665623777865
0.6261988894497729
1.0418671174099596
0.6898622760691726
1.8242333582647718
0.18709877821495133
2.0523494165878273
0.3926626246017881
4.804749340369393
0.2962520888040105
2.6581929555895867
2.0652489125181246
0.7079309335674568
8.64406779661017
1.4953917050691243
1.3306144643828168
1.497073046576737
3.2932773109243696
2.2091304347826086
1.4926262943206778
1.7516422970968426
1.0727662616154396
1.523879040667362
1.308562197092084
0.21244043140205668
1.135752688172043
18.51842751842752
0.20098827855665363
0.8287178235939978
0.022308336824465858
1.0016487000634116
0.9173932318604995
1.0924483576024382
0.9708533653846154
16.055028462998102
0.946772672146611
1.7104795737122558
2.8304093567251463
1.326479854087216
2.652855543113102
1.0352731840066987
2.671361502347418
5.393757503001201
0.16159362549800796
0.2325661284781862
0.8464559566111839
0.03758099352051836
1.6062717770034842
0.7177570093457943
1.7858504049547403
0.5650170086689345
15.793103448275861
0.9728151797117315
0.9160343955488113
5.019354838709678
2.501304801670146
0.9512195121951219
1.1939565163984769
1.4044205495818398
0.3188806888068881
1.5479808944854538
0.9281754923929709
3.284026258205689
0.5449027622940666
0.26722288438617403
0.560593309488744
2.3815060908084162
0.5031219980787704
0.4100077579519007
0.8511627906976744
0.5038167938931297
0.15331196581196582
1.8707428799044015
0.5013835085777532
3.0197652872143297
0.012520413718018509
1.5638950208486633
1.2696311981648138
1.9775689602909974
10.89018691588785
3.672199170124481
1.058155635558017
1.5686274509803921
3.03904282115869
1.3036757128134662
0.40483712822747575
0.8911840649206935
1.7391116860715825
0.5370701440740351
1.3135498320268757
0.4729522446057879
2.1717791411042944
0.21541574687270051
1.5761560376944992
0.13028064992614474
2.8210652304009574
0.909359405234749
1.0828402366863905
0.9961767204757859
1.11026706231454
1.0025965932696304
3.0675428988682
1.1079224376731303
109.48717948717949
1.2502654867256637
0.2894396804886644
0.02106170710678655
1.8072928686822063
8.504451038575668
2.5737428282146473
4.875511396843951
2.1963979416809605
0.1696827762401533
1.376792698826597
1.4083215796897037
0.8969936519343634
0.3992259174311927
1.808141726347531
1.3259647808167854
0.21546616775802932
0.3033027164354114
3.04381114419396
1.9773170731707317
0.702880658436214
0.8375728669846317
2.8668122270742358
0.9393479909021987
4.435991221653255
0.6697183098591549
0.6178918169209431
0.23400960198234474
0.327768014059754
3.0524320909665192
0.23026851098454026
0.20674724878224787
0.8413168981120299
0.30482758620689654
2.0244466468450613
2.1123953766440815
0.14405647777141767
0.15092037018204008
0.8313088109495295
0.5221674876847291
0.4429570670525808
0.11135418945526143
0.3894062863795111
1.1497963932518906
0.8213333333333334
0.564804213418823
0.3264846235418876
5.376278118609407
0.6292236265153469
14.5
1.1267227492393055
4.110164981373071
0.5643140364789849
46.36734693877551
0.34368094286014944
2.8040865384615383
9.344370860927153
1.5797137216189536
3.334959349593496
2.3092846270928464
5.123688569850911
0.38199959275096723
1.7656212010697787
10.317620650953984
0.44899016053858104
1.0267441860465116
0.8998120742306789
87.9245283018868
1.5688034188034188
0.1784153973314441
1.068111111111111
4.037331215250199
0.963426112679844
1.1971793507184674
1.2201023731968357
0.014791063301613571
0.33579823055592234
1.1786756126021003
0.5556392595781318
7.513625103220479
0.9966496722505462
1.110655737704918
0.05795574288724974
0.29324683965402526
0.4519710378117458
1.582694634933441
0.35216594086637637
0.8457135423442175
8.929173693086003
0.3639717184137719
1.0743360635393397
12.524475524475525
0.8284633172167333
0.5311379630859115
0.03854782786049357
12.76842105263158
0.7630804790922463
3.5583462132921175
0.19719771665801764
1.2370524296675192
1.6407766990291262
5.005373455131649
0.48255164712451143
4.0568079350766455
1.4794806399258058
1.203062426383981
0.13210964859316507
1.7466986794717887
1.762770137524558
0.38276220145379025
0.5868529691965704
1.005708294501398
0.1405179421669957
9.914285714285715
0.22899337973179426
0.4560168895144265
2.944254835039818
1.8282857142857143
0.7201939916475818
6.063022019741838
0.23718774143703322
5.205749718151071
0.8936101722195396
14.620390455531453
0.9078624078624079
1.9004253673627223
0.48543123543123545
0.285013023442196
1.3206065034709535
0.19609665427509293
6.793639053254438
1.3254355400696864
0.3686850591185955
1.4452565414413097
3.5110732538330494
73.26666666666667
2.4182460648891744
0.8457502623294858
0.9962988665278741
3.9332638164754954
0.9875803947660236
0.6242961711711712
2.0630656108597285
2.5720288115246097
0.3980532786885246
1.7248034310221587
1.3973045822102426
0.8603629146583499
0.2612853013119858
0.24958067762495806
0.07532861476238625
1.2144504227517294
19.344594594594593
4.217292377701934
0.4273438501987944
1.2416608996539793
0.533141847105612
12.572530864197532
1.7437125748502993
0.3717600145006344
5.0229430379746836
2.6044624746450302
1.155667908461948
0.3786407766990291
5.698957694665849
0.1599513455982971
7.377329192546584
1.529736211031175
0.9628065235245805
1.3922216973704928
0.33662764178196747
1.3531202435312024
0.2077315827862874
2.8289655172413792
0.09621451104100946
0.21365662716103076
0.4488255033557047
0.09774089442139235
0.6828042328042329
0.7970348406226835
0.6882365102336159
1.0475511174512602
0.02105554785981438
0.5183746325073498
8.175687666370896
1.5850729196454103
0.41040157998683346
1.1160576428203808
27.41988950276243
2.5787275064267354
0.6021649071228117
0.589181940098346
1.0674322013193256
0.3762640449438202
0.7697142179532788
0.7370214997378081
3.7143981117230527
1.241208648085439
0.5951454087474238
0.6775571215033098
1.146788990825688
2.4409298780487805
1.1235649919762993
4.871744791666667
2.463490419471776
0.7696734642812461
0.9221044045676998
1.811254877798316
1.0388597362076302
0.13159993619397034
2.3164983164983166
1.4454082594757685
15.075
1.0262772194304857
15.074285714285715
0.6644376899696048
2.2837353713876283
0.326225544075621
1.1370487206449351
11.670470756062768
1.1448160535117058
1.953997809419496
0.8395397489539749
0.7367624810892587
0.7030716723549488
0.8049190938511327
0.0507514926909615
1.4803312629399585
1.864689758285572
0.9945760776477305
0.8222640494756654
0.06330338631651693
62.91011235955056
0.0488050033504579
1.628524046434494
0.04474848266639234
0.8661464585834334
0.9666095890410958
1.3443957420162804
0.0566986739826246
1.3577813896789923
1.879622344610543
0.8812290214304157
5.478048780487805
657.3
0.23639915840096182
0.4197459584295612
2.8391342497806376
0.1627392266631949
0.3114697406340058
2.765151515151515
1.522421169386785
0.23987743488728386
0.7628314278764291
0.7087378640776699
0.5356448476992871
1.0787044534412955
1.5875327701718613
0.36733490566037735
1.8811434302908727
2.0229988726042842
2.0829581993569133
63.154639175257735
1.0822628458498025
1.0284538909838876
0.08334908334908335
0.505026135906715
1.7012673506336753
0.8038062653694001
0.9632345347516266
1.8309145358212393
1.883813873822438
1.5886630309039829
0.006631479225876303
2.389171974522293
5.141660851360782
6.677316293929713
0.7831223628691983
362.38461538461536
1.0461538461538462
1.1926517571884985
0.7872999483737739
2.1294984414848397
3.9633136094674555
3.6738768718801995
0.5559392987964417
3.7603112840466926
0.7549843466798484
0.8221641561635413
0.24968136630130003
0.11893632491949725
0.47495734216601426
0.5361969111969112
1.1068759342301944
2.4449025487256373
0.3028641072516758
12.040960451977401
1.1035541386232142
11.715789473684211
0.8268707482993197
0.3322128851540616
0.8994026284348865
2.037417461482025
0.911542730299667
13.111702127659575
0.9229793977812996
1.5345875542691751
0.9243990534313115
1.2042943244600703
0.06638655462184874
5.775693311582382
0.40319967598217904
0.9759117211680797
537.0666666666667
1.5255710531635334
0.6673553719008265
0.21752172114191146
1.0309523809523808
0.41936774709883956
4.347976307996051
0.801829268292683
0.294446270128163
1.3083568699119454
0.885118306351183
2.279733149298367
0.14428152492668622
0.5863010446343779
0.5726796859271189
0.4698013781921362
0.017744879334820524
1.6257668711656441
2.5778653900309774
0.643315127048207
24.930635838150287
2.621182586094867
1.798705501618123
1.4652974504249292
1.128395061728395
2.3923385077616426
0.6818181818181818
1.8264462809917354
0.3424124513618677
1.8486817675454883
0.32272241358831216
0.4877200163733115
32.482638888888886
0.05494693598082848
1.8986650485436893
3.4466966966966965
20.58004158004158
4.564039408866995
2.2163564235581323
0.8238220661398888
0.6761461142436872
2.767953929539295
10.479166666666666
1.0236586396282215
2.6847507331378297
1.9020172910662825
1.503236797274276
4.027997565429093
0.6193783068783069
0.8851540616246498
0.41401734104046245
24.633245382585752
0.7078622816032888
0.7234986945169712
1.7996495327102804
1.1102966841186737
0.9636277001270648
0.56
4.572222222222222
0.1077876876223624
2.4389312977099236
5.488095238095238
0.3614995537042547
14.777777777777779
0.6853339453752582
1.4206207634677133
0.10456758636679805
0.9953570638956445
1.611018711018711
0.11547569299345313
6.844426623897354
25.509933774834437
0.3656884875846501
10.574592074592074
0.8727969348659004
1.5551671400480664
4.121212121212121
1.629798713426022
1.4256923076923076
1.1519884076638223
20.78969957081545
0.634888141541161
1.0541332314354859
0.14166438543662743
0.8519201228878648
0.6186903137789904
0.5377380672466494
0.7500271002710027
10.53288740245262
0.9737421961072347
0.8472977130550713
0.9985853227232537
1.2047366091190792
0.5774647887323944
0.6288294098677846
1.1089144074819464
1.0253203803224473
9.015665796344647
0.6733611216369837
0.9624769325404962
3.2789447972642893
0.4900062853551226
1.9668714934544482
1.2664105027217418
0.7655989631549713
0.6403486285567803
1.1979037129152603
1.7264101212440697
45.83471074380165
5.078673602080624
0.08243865030674846
3.10812390414962
0.13762010347376202
0.9329283725639079
2.8917682926829267
1.9252717391304348
0.9617038705713701
0.518097941802697
1.0530788177339903
0.8546955624355005
0.14707282246549264
0.180874840357599
24.193877551020407
0.6467539552645936
3.190305206463196
0.15904761904761905
0.06499402628434886
1.258149316508938
1.8173559646186948
0.6890151954529637
0.22783461210571185
0.7328755062511005
3.128
0.5357321339330335
2.3861671469740635
0.12399934651200784
0.05160734080551792
0.2246774636288773
0.0231023102310231
0.1600441501103753
2.5493188010899184
10.559502664298401
0.20839438978438352
1.4540586849432426
0.9193597406544423
1.1266519823788546
0.7948320413436692
0.8913937331631929
1.1319838056680163
2.445793337097685
0.5690196726731691
1.2526462395543176
1.0803452048134192
0.5460786353234865
1.8949131891562596
0.20596846846846847
0.24271714324070345
0.8538926413082119
4.1993355481727574
1.1632275132275132
0.25023493086320314
2.027027027027027
2.8270826418851644
0.765983860955928
1.8023855577047065
0.41759629551673333
0.8765088207985144
0.5919718880929855
1.1286793953858394
0.7134476534296029
6.598770851624232
0.7441548486009966
7.1764018691588785
1.746058091286307
0.11631870472944184
0.31762962962962965
0.7710691823899372
0.34585432890517637
0.026301248756768703
2.3031674208144794
0.8284789644012945
1.7414743720645294
1.84779299847793
3.0836212854181064
0.13827799338795457
11.44853875476493
0.40660496424063947
1.0001861850679576
1.4011282660332542
0.35024114418759356
1.586064363743726
1.740838463793609
3.6643894107600343
0.47875473285654185
0.9423861596213481
1.2925112612612613
4.709606986899563
0.9522533495736906
0.29456082322675486
0.43005952380952384
1.1171048139296689
1.3415420697742597
0.49520655394805646
45.84722222222222
0.8898573692551506
0.07198859586600143
0.47845869472486846
1.5226269315673289
1.3103819257665412
0.12152881457151389
0.2950199203187251
1.176328825813362
3.5382557517388977
0.41271606186192256
0.36475136648446876
0.011702674897119342
2.2125721901377164
0.9785484447622452
2.4478247642226956
4.263896687254351
1.1755388634879165
0.6224256292906178
1.5050380060102528
0.779153186102124
16.01304347826087
8.52355460385439
0.23614547253834736
0.8723276121650105
3.06687898089172
1.27202675196278
1.0189035916824196
1.7729835212489158
0.4171148559818334
0.6158967117207989
0.9959362987369578
0.060652009097801364
1.1554956169925825
531.2727272727273
2.180506329113924
10.219945355191257
6.390519187358916
1.4822594880847308
0.6555555555555556
8.379605826906598
1.2316671655193057
3.3537634408602153
1.6613669590643274
0.987146937480165
0.9247661122661123
0.9836965294592414
1.302673796791444
0.8816735893019958
2.332261521972133
0.9587873045949786
1.430673276827123
0.5033678496028954
0.7928436911487758
2.1239122868082143
2.953778429933969
1.2335880243255886
3.449896694214876
0.2993527508090615
1.950977901955804
1.1979334098737084
0.5624326072891956
1.2801374570446735
7.153684210526316
6.670639219934994
0.9722377700660473
7.740072202166065
0.7905369484316853
0.5665873285730477
1.806597549481621
1.7106247661803218
2.699003322259136
1.8466588511137163
42.2952380952381
1.3573281452658885
0.41629611825501744
1.1825782617149523
3.936936936936937
0.17358739949333626
1.6521449210935764
0.3689071318624936
1.9601510067114094
1.3693433140523987
0.6906452608829886
0.24276137498217087
1.010488704472107
1.2860510805500982
0.9581447963800905
2.863070539419087
0.5242601972807251
1.070894929264028
0.20178426601784266
0.7809086591736584
0.4387323091810814
1.0466243938828794
0.2282797567332754
0.9454592563803601
0.47894078398665557
1.003283473184969
0.730613279270147
3.0113753877973113
1.096987951807229
2.1106962442345707
2.353305785123967
0.8481316420980459
1.6193697703400391
0.1398017736045905
0.7390863972450117
0.3982474694062547
0.010953298025999036
2.000425985090522
0.8499442862448929
2.179504353650368
1.8992011278195489
0.6272422173359565
1.4187895744367545
1.6030713640469738
0.5084317032040472
0.5504689593568557
0.5561688796061465
416.0
0.085496866606983
0.6556534508076358
1.054753820033956
0.6790787477589298
2.880862219632974
0.7396557619970363
3.3033749082905355
8.279552715654953
0.3704032462591935
0.022713687985654513
0.5358904109589041
1.231458505652054
8.888213851761847
0.788866930171278
0.9211566091954023
1.1696664902064584
1.2648456057007127
0.6204159212880143
1.4662564509726081
1.5859427048634245
0.005864129232131003
2.081455805892548
8.795
1.6523736600306278
1.1513530522341096
0.49127577611602086
0.6095682613768961
1.2472457084294133
2.544452608376194
0.9158925686591276
0.04445910290237467
2.001609195402299
0.6883068978236813
2.551839464882943
0.8569924178601517
21.117994100294986
0.5878313123725721
0.9756332157742866
0.7256917860658427
0.4723232323232323
20.408163265306122
4.175141242937853
0.691436338921613
1.0129155704376944
1.6454545454545455
0.046745624148412115
0.2682321496754487
0.22747169811320755
0.7411510791366906
16.844124700239806
6.983627204030227
1.0065561603166748
40.125
1.0110441767068272
0.8355713199898657
0.7976114036214204
1.4987775061124695
0.5647233726239779
0.6969095196723346
0.15891068447412354
0.002180911828850348
1.3374727303238798
0.07951157177339202
0.17608550434201736
0.8524862451987958
0.5243673851921274
0.2221999799819838
0.26855600539811064
5.007212776919114
0.5252268602540835
5.548048048048048
1.473781902552204
0.8675277363801954
0.8417945690672963
0.4998664886515354
0.626106650195594
0.9474495978847637
1.683405069344811
0.1403948605452836
0.07316171942357433
2.183201267828843
0.18162839248434237
0.49510932105868816
1.87832431160273
0.9859245041586693
7.008333333333334
2.453333333333333
0.12556921675774135
0.26535601507588874
0.5824577971904144
0.4376537614916483
0.9118444313494402
3.040201005025126
1.4570191713048857
1.8652482269503545
0.3642996608776076
2.225707547169811
1.5695996748628327
0.3311906092789268
1.0331713244228433
0.2626070409134158
2.397839135654262
0.7368206383195677
0.26189989785495404
1.330595789159325
0.8230714791224345
0.039021074099252206
1.6290151031695383
0.16170212765957448
6.104193138500635
3.281453867660764
0.36363636363636365
0.8583017847485127
0.9757075471698113
0.1704284621270084
0.09393232205367562
0.6886194237401269
0.5165857187144777
0.9578189300411523
0.6015572105619499
0.2868053726626284
0.5928270042194093
1.163314447592068
0.9540393271736556
0.42584167424931757
0.726825266611977
0.821360153256705
0.4675324675324675
0.8190815518606492
0.7446050701864655
0.16360148933769603
0.7365071283095723
0.24150596877869604
3.4337568058076227
0.7938301107973061
0.7810408921933085
0.5878048780487805
0.28795309168443495
0.2796530707923113
0.8314509122502172
0.8286696121747669
0.29561432875795113
6.1203319502074685
1.898391812865497
0.22368986254295534
1.8678356451190787
0.44782011671815997
1.2160685458835216
0.3716265122531279
1.247772536687631
0.23982188295165394
0.8058843422387555
2.0373478808224927
0.7435758430011926
6.437647058823529
2.6613756613756614
0.7370600414078675
0.22424155695477963
2.7488619119878606
0.07156828903463353
0.2695793318003517
0.7249734968953506
1094.5
1.2009449283921452
7.36698717948718
0.7948239682909769
0.7399931184768895
0.7820622679234505
0.10606989576946659
0.18361919957452466
1.0528846153846154
1.6227143960855008
1.7551169590643274
0.37016112157355097
0.572064552031163
2.523672883787661
1.1073705687324662
2.3110450718177313
1.7000869943453676
28.238805970149254
3.4192688499619193
0.050956620572078046
7.046325878594249
0.25950991831972
1.4586983729662077
5.327
1.4984683932052354
1.184191012902269
0.35542913677961907
0.7383029341792229
1.1080019636720668
1.2946455734712503
0.17059106198942817
0.9028697571743929
0.9662698412698413
3.356327089995432
1.4229249011857708
0.03803506962351728
0.6185960939711294
6.114885731933292
0.6785095320623917
0.6563430613460393
3.1971830985915495
1.4774710596616207
1.6000654022236755
0.3670037040744819
0.080338266384778
0.3963212490642712
2.0279236276849644
1.7416034669555795
1.2493728788549505
1.1261844233880287
0.2244306963274977
1.4737945492662474
1.1843971631205674
0.6192820512820513
1.0147939415287073
0.8623280423280423
0.23543422499083913
0.9201256450527261
0.9424021683889547
1.1198738170347002
0.565073571347097
0.476009139375476
0.6624749163879599
0.5865580448065173
1.3810235338064998
5.742857142857143
2.034003091190108
1.7323412282540347
2.3921113689095126
0.016412056151940545
6.47946127946128
1.5312825860271115
1.415629522431259
7.222953904045156
0.708984375
0.6162260711030082
0.23065476190476192
4.376994680851064
0.08633615477629988
2.08328340323547
2.467019204007793
0.5932253751299955
1.148794808405439
0.49822396709665356
0.12448780487804878
0.8910006497725796
0.09756662804171495
0.6872740419378164
0.7259492903069271
0.08500175623463295
0.6454687229249697
4.964601769911504
1.0730379884619572
0.3506210503377642
0.9522275899087493
0.9055077452667815
2.026753670473083
0.26629051886270605
0.0421644413211525
1.2227835311947461
2.9014803471158754
1.0686845168800931
1.5452853598014888
2.9450236966824646
11.1343669250646
0.07248500999333778
0.8861762840837032
2.0150788211103494
0.6281287246722288
1.2837040399455288
1.7277571825764597
10.011173184357542
4.184300341296928
6.293005671077505
0.8316107304610382
0.7617866004962779
2.290668348045397
0.21639344262295082
1.7182561307901907
0.49942310862040545
0.39509536784741145
1.2729663105998357
35.89237668161435
2.6671081677704196
0.022718052738336714
5.050471436494731
1.126947637292465
0.9374523264683448
1.8166986564299423
1.0713504049026046
0.44478278522127485
2.560789844851904
0.10736121301051602
2.5546694108567016
0.25011859582542695
0.473092489881577
2.8646748681898067
1.7568412822517592
0.7096977329974811
0.02017600343421335
0.8663857213683689
2.148973607038123
0.45781990521327015
1.1189624329159213
0.6614914425427872
0.17318900915903415
0.5973107845855281
0.406650641025641
2.383854005567584
4.872944693572496
0.948013367991088
1.706095185082104
0.46082027342447485
1.9941666666666666
12.285132382892057
5.813317479191439
0.7092825569534172
1.1017710152157645
0.9633222188541982
20.874587458745875
5.820659062103929
18.268571428571427
2.538368943725549
1.0036645525017618
1.292781621198277
1.8121449559255631
0.9983547219480092
1.1293894337235053
8.964285714285714
0.6053648556490111
0.20171773444753946
0.31944611679711016
0.8207784934192103
0.8752967462644882
1.1938563719385638
0.8382045929018789
0.10447571953848105
0.5611916264090178
0.023324794391263313
0.0778816199376947
1.7670184150631079
0.1199442119944212
1.4852405984634047
0.06601817891883273
0.6200683076198328
3.1275820170109356
0.24806201550387597
0.10790362006751252
1.4673095014111006
2.6269526078898595
0.37109089007426
1.7766055894873218
0.667894280762565
1.5651577503429355
2.574217628481194
0.7691294806144843
0.28440659925492284
0.3652136196052917
0.17415881561238222
0.8007367128573935
0.9532433930881538
11.938144329896907
0.10812043795620438
0.5207358902400998
0.8773412895740096
1.3471466198419666
0.4161728825374695
0.05069037261206733
0.3768277822908205
169.26666666666668
0.08777239709443099
0.6814178074923061
0.018380694632386108
6.547540983606558
0.45932621199671325
3.7993295019157087
21.989795918367346
3.4981949458483754
2.7756410256410255
1.2049622437971952
0.8547020045741962
0.16621454993834772
3.6158238172920063
0.966006679389313
0.3256976259891712
1.108695652173913
1.3569018836097835
3.987987987987988
1.3538420913651967
0.42795698924731185
2.439938791124713
5.020021074815595
0.6838526016131583
0.18340952168580668
4.367474048442906
1.0114693118412896
1.508384631713012
1.6789044289044288
0.24676098287416232
0.6788045345242185
0.7589924328806883
1.724113475177305
1.8811813186813187
0.6164359558437007
5.0293685756240825
0.27318212141427617
1.3665594855305465
1.0235616438356165
0.9389901823281908
0.9447791164658634
0.7979714912280702
0.6282871357498223
1.2413585813044785
0.4297260273972603
1.5902845927379785
1.4670419197155977
0.514602944726044
5.815929203539823
0.5851375073142189
0.4107203823830659
7.842243645924627
6.332081141998497
0.24966992342223396
0.41620051635111877
1.1709189992568738
0.5183231913455038
5.752873563218391
0.11268179964659508
0.12197714589423332
0.9996036464526358
1.3226917472512916
0.3534278959810875
1.1521739130434783
0.5655907303951997
0.6700652528548124
29.061611374407583
0.6978014656895403
11.052738336713995
0.06984334203655353
1.7566954153427146
0.46850044365572313
0.6400817995910021
0.15720919696454866
1.3609674475205353
0.7736191860465116
0.2900438169425511
1.4482954545454545
0.30833775889537973
1.2106948447006083
0.49786324786324787
4.073193046660567
0.2387005649717514
0.737116085372202
0.9397185465238396
6.52
0.1792082200060441
0.16200613386252932
0.6593819599109132
1.0117957257840688
0.08475130890052356
1.100785340314136
0.8621190130624092
1.9518861531511182
0.6361022364217253
1.078193832599119
1.110879533138808
1.796619934703284
3.7777319587628866
0.6009287080032778
0.7311650885137917
1.1947060320692289
0.6704686617730096
0.5746522411128284
0.587238644556597
0.09266272189349112
0.3629105425512611
0.43969762913755583
1.090297901935783
78.9375
1.0677653691857314
1.8823404706381175
0.6648351648351648
0.12144702842377261
0.13407572383073496
1.6246468926553672
0.19816243194192376
1.0203981922560157
9.121435142594295
0.35329703569267995
0.9363799283154122
0.06886843530048728
0.04877112135176651
0.8933512682551883
0.24751299183370454
0.8553550943789759
0.3528872593950504
4.488858879135719
1.7735607675906184
0.9581993569131833
1.1213272036777933
0.2512343886145803
4.042205965109735
1.3652892561983472
0.06784544859201048
1.1128444084278768
1.7046212482134349
1.1797603195739015
0.8101178101178101
16.622916666666665
1.1438676097691178
1.7481913652275378
9.141242937853107
0.9329417523250122
1.3006937033084311
0.5897728569797969
0.6091640333237576
1.1445593525179856
0.7293588301462317
0.6625887493173129
0.5829780755176613
0.5501962983735278
2.048229718427655
1.3405743740795286
1.4255245958032337
0.6756515530167797
7.217915590008613
0.40536590458294186
1.5819486404833838
0.9506073687380785
3.4126794258373208
1.7170189098998887
1.3537117903930131
0.32106402721930094
0.003092493674444757
0.20428438373176033
0.49332899446794665
3.08955223880597
0.4616806308526368
0.9877571008814887
0.21821850677428653
0.35498470948012234
0.12876953554919657
0.40368772067477443
69.9
5.5243553008595985
11.922865013774105
0.0033487892838742917
0.9415281718686664
0.9889958734525447
1.6243025418474892
0.9353278166772756
0.6791836734693878
5.7535392535392536
0.942052531816951
0.6159670415321233
0.6141114982578397
2.8686907020872865
1.542892664732698
0.46911292315295283
1.7651879061881888
3.6085022244191793
8.201858108108109
0.3598047914818101
0.8863953488372093
3.16644052464948
0.12007264181177224
0.8497231239259118
1.3643245341614907
3.7404692082111435
0.1991097208854668
1.6756806139228941
1.4425339366515837
3.7049180327868854
0.1093230482776965
0.5309766327142001
3.4867857142857144
0.7684887459807074
5.718157181571816
0.23258220280524258
1.7688501413760602
0.4894859813084112
0.797847809377402
6.020192307692308
61.84076433121019
3.4037632301058407
1.7304510274886575
0.9916612377850162
2.2485119047619047
4.712997347480106
0.5597591456487162
2.434474616292798
0.9671134663341646
1.32914653784219
0.09458165805092858
1.4987373737373737
0.6367869615832363
0.18860047195498275
1.1369969040247678
1.5597989949748743
0.04791666666666667
2.0083798882681565
1.5086705202312138
0.30885938769981036
2.34985835694051
0.4052805280528053
11.997084548104956
1.5579665220086796
0.9955860716037274
2.8978723404255318
2.462905982905983
1.1415243101182655
2.6252927400468384
1.9602798465357707
1.0626161075292317
0.3030266343825666
10.018779342723004
1.0542407761281787
3.0792525773195876
1.4312428078250863
1.4101902612060626
0.8003541389995573
1.0231069646344109
1.696524295348435
0.7286462050916013
0.9744582043343654
0.4886456461362522
0.7172765657987333
13.2
1.128627679743328
0.8827809215844786
14.979933110367893
0.9394955895142254
0.5000535274595868
1.1820585125132181
3.3421052631578947
0.9947021993899502
1.9990412272291467
15.808056872037914
0.7440273037542662
0.7632596685082873
2.4200567644276254
4.99918896999189
0.10983958312046592
0.48545101842870997
0.3389235569422777
0.06835134723702238
0.016921837228041903
1.980349344978166
0.31643625192012287
1.4055913348946136
1.2215407629020194
5.564055859137826
0.8511663286004056
1.7219730941704037
0.3723527705250943
1.0996897913141568
1.4637154150197629
4.746926970354302
1.5535761765487903
2.455228981544771
1.1904700909440247
0.9323338735818476
3.097001110699741
2.894939331163066
0.9488765874308043
0.07870492234798632
0.1259016393442623
0.4742967992240543
0.11599121581153923
0.18524458700882118
0.7159090909090909
4.807962529274005
0.16715976331360946
4.179768041237113
0.152881409747579
0.1274711029491196
0.22485978870483891
0.14494074749316319
26.33529411764706
0.9612319620934741
1.0861690450054884
0.36672384219554033
0.014500063043752363
0.24422227992729162
1.4029328445259124
1.9622950819672131
0.36096014492753625
1.1705410409380785
0.24437827292329808
0.7399253731343284
12.447570332480819
1.2414472064976618
1.2374871266735323
0.880527817403709
1.5088709677419354
4.794289897510981
1.2842983008181246
0.944581136496778
4.654676258992806
43.3
61.507462686567166
0.34979029358897545
1.1718928164196123
0.6874560787069571
1.7844150011228386
1.2104352839434995
1.7300085984522786
0.46508685148970436
0.4041040772532189
19.168789808917197
0.6254537689515268
0.31463050510077134
3.045286506469501
0.23857725291719387
0.5230969420949902
0.2650188808788191
1.5177304964539007
3.750622406639004
0.012969367588932806
1.9050179211469533
0.6706165206938004
2.1813084112149532
0.14396322284055166
0.3339388758281684
29.22279792746114
1.1000415110004151
0.36920158648042767
1.6855638793277992
0.013577023498694517
0.4348108811097865
3.753493571827837
1.2754402473450732
0.7213727488956847
6.334018499486126
0.6398459667612485
0.2815796977473624
0.6314096119042831
0.3667992047713718
1.3506255721696674
0.5768696457513314
0.8093901505486093
1.1733900542760745
0.7080479452054794
23.387755102040817
0.8803600654664484
0.5017883442036608
3.8630600169061706
0.3144718792866941
0.7971887550200804
2.566724436741768
1.1382243487506645
0.9311224489795918
1.1004614838480653
1.0035582123541134
0.3309889478972298
50.03508771929825
0.38706921105098263
0.4784787064450011
2.9835051546391753
2.1288636363636364
0.8554098360655737
0.3651763399055818
0.4687329477245444
0.620267642685577
0.1054928517682468
0.5485564304461942
0.8912986673634701
0.1152407084060863
4.544198895027624
21.102678571428573
0.15848832607835378
0.7949260042283298
0.35875917878015884
0.20566897249873461
3.8482632541133457
16.872463768115942
1.480313700384123
0.34454295322531336
0.21570493753718026
1.663347044814895
20.253012048192772
1.627669452181987
0.5084802499442089
1.5549288208434058
0.4219325587985265
0.15830168204015194
0.6514553014553015
0.6673706441393875
1.4620877252635158
0.43772810218978103
1.5014151970389724
3.7007206443408225
2.2391358955036424
1.8411146418968467
2.858982614294913
0.7326478149100257
0.030961434003259097
2.820301783264746
0.3354724194429274
1.418639609169485
0.6348663101604278
1.930915371329879
0.6093989071038252
0.7110423116615067
0.13865371269951424
5.187960687960688
16.002557544757032
1.2043265875785065
1.6489473684210527
4.497142857142857
0.7861453686696405
0.7029486712777575
0.7209891255772382
1.2007133193949084
0.00704757110495847
1.893627450980392
2.027972027972028
3.5144796380090497
0.7599660729431722
0.7306167400881057
2.1036293083770827
2.1618589743589745
1.0442013129102845
0.06110552763819096
0.5558086560364465
0.6500942507068803
0.17604082105995594
0.7756773787019534
0.35530990919857874
1.2760232261719304
2.5247469066366706
0.5779458963778084
0.009120171673819743
1.6408879341210167
0.723998708010336
1.0229128856624319
1.427695004382121
10.086903304773562
0.4691674087266251
0.19012198750371914
0.11962513781697905
0.7004240710823909
0.5367103874566561
1.0940621227088134
0.6045434494927217
0.08099752679307502
0.5817341040462428
0.09756795422031474
1.0197613721103653
0.23512195121951218
2.219863175277188
0.5987605633802817
1.0671965317919074
1.203781512605042
1.5378585723815876
1.5792517006802722
3.7607099143206852
0.08346367126404095
0.17275887496049722
1.3273596176821982
0.5700513334168023
0.16715497301464918
0.7738111096310111
1.6243403693931397
2.244165170556553
1.1681303116147308
0.9624529037287255
1.5123456790123457
8.640144665461122
0.02045209903121636
0.15180306629237747
0.8997521964406398
2.524668734141528
0.528504359490275
0.17275022956841138
4.320227625452664
0.3341576506955178
0.6493180578286961
1.3679554858039664
1.7195752009184846
0.8427621980872102
0.3029105282069709
0.19891122278056952
0.7323144792815504
0.11838839029978995
0.16680595019221126
1.2880434782608696
11.788659793814434
0.36678732039047934
0.20481927710843373
0.3129060838747785
0.32790294627383015
0.08281928261366232
0.3035247228795616
1.2043832185347527
1.1866074262139004
0.2529886914378029
1.535629854778791
1.149030937763332
1.1966540404040404
1.2172083575159605
9.21399730820996
1.0584318295322124
8.876819708846584
4.0
1.1086456501150048
4.705790297339593
0.9077868852459017
4.072131147540984
0.17647058823529413
0.3297738693467337
0.911416490486258
0.7618105655108215
0.4454102920723227
1.6230558096980787
1.449508275365795
0.6263614360629286
0.3241422858345612
0.2590027700831025
0.7127904008169518
0.13772195755738414
0.1819941916747338
0.10120536729588356
1.0487156775907882
0.8285634510679882
0.44004914004914003
10.76271186440678
0.05299188640973631
0.8537225319776977
0.5063721325403568
0.4804928131416838
75.175
3.8437074057246705
6.708029197080292
2.8446601941747574
2.209470053308247
1.2115445108524694
4.3642987249544625
8.97124183006536
198.325
1.337916604393962
1.564748201438849
0.21745699674569968
0.3356661824904265
1.5067580077763376
0.5329548601495431
1.6492131616595136
13.553654743390357
0.0790333115610712
2.007425086184036
0.30239933811362385
1.9724904887328065
0.34879539733908665
0.055776892430278883
9.829021372328459
2.3761061946902653
0.44368433911556315
0.45337278106508877
0.4939081537019681
0.24609813959295793
4.146924829157175
1.0383141762452108
0.773104880581516
1.879682679594535
0.35792094615624026
0.6058042875893248
0.2961903058486854
0.3489504107088531
0.31847809610428984
0.9842530855440488
1.2594791526109836
1.6311964702828965
0.23467306538692262
0.23821599045346062
14.437074829931973
0.4723360655737705
1.5665952890792292
1.1155629992270033
12.712945590994371
0.9774750616754264
4.1584
0.843818035980291
1.9935064935064934
1.5274527452745275
0.4797843665768194
3.055515759312321
0.7304025423728814
0.7277825711820535
0.4094135225999253
1.3459821428571428
0.281439871603806
0.3442849254555494
8.96631205673759
21.3431151241535
1.9754056795131847
0.6494219086811679
0.4532061175810299
2.029689298043728
0.46785762620110977
0.0364963503649635
1.0267562210966747
2.1079069767441863
0.9444444444444444
0.010007849293563579
0.14863237570961638
2.2351223894004044
2.9347826086956523
1.1572789772041974
0.9841004184100418
1.9089989888776542
3.95407813570939
6.290187891440501
2.0583148558758313
1.250351617440225
6.390909090909091
6.388278388278389
1.2149290561381862
0.543732782369146
0.845943482224248
0.41073593073593073
3.9523809523809526
2.6921487603305785
0.1898096992019644
0.9529442691903259
0.24741421769824332
0.9155959237926451
3.49347471451876
4.245810055865922
0.988806831294715
0.9285714285714286
0.6957671957671958
0.6300630063006301
10.185228604923799
0.9386032233307752
5.724581724581725
0.8168945903424906
1.2997626314004747
9.514954486345903
1.2321592649310873
0.8833495618305744
0.8273468155750076
0.9912139405476643
3.8099246787771377
3.973248407643312
0.7377782400665696
0.5177153329260843
0.8519736842105263
0.397459165154265
0.7639291465378422
0.8574080519781877
1.8946763692072004
3.711703569814731
0.3405105438401776
0.6819818522252629
1.354564755838641
0.05337350694070806
0.5709043560606061
0.3217658686580277
0.1754736842105263
0.5170688114387846
3.0626304801670146
0.8660794715243719
0.6653719749028981
0.33266297972180325
2.311920938851143
1.4368189195455598
0.45279740530522417
0.1484771573604061
0.6279123414071511
0.8341095890410959
0.8410958904109589
3.8061581525542336
0.10660841070453304
0.790191526407429
0.5924980862464915
0.5264830508474576
0.06553819444444445
4.716839134524929
0.13563132259273136
4.6491658488714425
0.7677447841925157
0.7847904004986754
2.146930560214693
3.492578125
0.03126022913256956
0.840568271507498
1.6977414704469005
0.21992727272727272
0.9399759903961584
2.2542965336440433
0.5731670216002434
0.7106679328901551
0.7287101248266297
1.851344860710855
0.2969998492386552
0.5234295662266067
7.828092243186583
1.3689219330855018
16.800595238095237
219.5
0.8041215211387296
0.9422275163787969
0.1769123783031989
0.6868442292171105
0.38574294090418143
0.7084715104009647
1.8618138424821002
0.28207470564352416
6.723880597014926
20.40625
0.6440832101852905
1.6406705539358601
8.986254295532646
0.5105910833165221
1.0093457943925233
0.40571088637715647
0.5906708034663528
3.489628040057225
1.524694783573807
0.6484998920785668
2.234391723153764
0.6760112647209422
0.9740064983754061
0.38368081595920206
0.4837442723107135
1.2122335495829473
1.284542781989788
0.8346310715609937
1.1627383631410637
36.802721088435376
255.83870967741936
0.1310592459605027
52.21348314606742
0.4531136418706082
0.565992080950286
5.461932181701855
1.5724986623863029
1.2220348510399102
0.8345398138572906
1.4113544201135442
0.4377176533619073
1.3271044059660553
0.469225368593494
2.7437831796591228
6.501555209953343
6.862745098039215
0.593019943019943
1.27352853301464
2.5109677419354837
0.11327731092436975
4.684030742954739
0.6652931854199683
0.005346776657500764
0.4847596717467761
0.1087023213007465
1.0518752190676481
0.29498688026515674
1.155388471177945
1.0357458075904677
1.3310344827586207
0.6227416117006023
1.4517395182872435
1.0526964906379639
0.4624467038373237
0.009996970614965161
0.22797927461139897
1.0
0.2824242424242424
0.6193762075627932
0.18611505294181857
0.5332899022801303
1.3851585014409222
0.761384521135389
1.7831491712707181
