9
50
612360
5
9448
9240
27
180
39
11232
575
103194
9236
73
0
31
29
857304
291600
14
50
824
720
13
310
54
3240
36
310
4
2610
1260
19116
372
53
190512
6552
332424
86
46
28
659
126
24
372
0
321
169344
0
866
24192
35
189
67
1030
0
21000
0
290
48
0
1790
25920
2210
1468
0
0
69
1896
0
0
95
66
8748
0
23
0
1241
34
14
2031
12
97
0
50
142884
8
243
60480
5022
392
17280
1712
4
606
76
0
25
11340
29
552
475
0
45
66
